%YAML:1.0
---
F: !!opencv-matrix
   rows: 3
   cols: 3
   dt: d
   data: [ -4.2837667416533485e-10, 4.8626520551596397e-07,
       -5.1145734441492279e-04, -1.8301325672411746e-07,
       3.6174517655208034e-07, 1.9413151361012154e-01,
       3.6319744138797646e-04, -1.9484444662971859e-01, 1. ]
E: !!opencv-matrix
   rows: 3
   cols: 3
   dt: d
   data: [ -2.6352156123831432e-06, 2.9914278119074589e-03,
       1.0005076627061583e-03, -1.1258120104005872e-03,
       2.2253640566564452e-03, -8.7400653962323416e-01,
       -1.1426309181185080e-03, 8.7400195868345487e-01,
       2.2234230140874066e-03 ]
R: !!opencv-matrix
   rows: 3
   cols: 3
   dt: d
   data: [ 9.9999770096087204e-01, 1.6588690703600505e-04,
       2.1378855218310571e-03, -1.7133062209664891e-04,
       9.9999674330101840e-01, 2.5463764794564142e-03,
       -2.1374561488631295e-03, -2.5467369104936804e-03,
       9.9999447269088471e-01 ]
T: !!opencv-matrix
   rows: 3
   cols: 1
   dt: d
   data: [ 8.7400496976189901e-01, 9.9288938562518635e-04,
       -2.9939661904005111e-03 ]
R1: !!opencv-matrix
   rows: 3
   cols: 3
   dt: d
   data: [ 9.9999831582322696e-01, 1.3106212859914949e-03,
       -1.2847655640156534e-03, -1.3089871189479892e-03,
       9.9999833431591234e-01, 1.2719741048156724e-03,
       1.2864305003390981e-03, -1.2702902210122646e-03,
       9.9999836572832568e-01 ]
R2: !!opencv-matrix
   rows: 3
   cols: 3
   dt: d
   data: [ 9.9999348752118411e-01, 1.1360151873330679e-03,
       -3.4255488193330828e-03, -1.1403781437917316e-03,
       9.9999854081687567e-01, -1.2719676916467465e-03,
       3.4240988462145468e-03, 1.2758658289881591e-03,
       9.9999332383445327e-01 ]
P1: !!opencv-matrix
   rows: 3
   cols: 4
   dt: d
   data: [ -1.3663353695362116e+03, 0., 9.4941853332519531e+02, 0., 0.,
       -1.3663353695362116e+03, 5.9553479766845703e+02, 0., 0., 0., 1.,
       0. ]
P2: !!opencv-matrix
   rows: 3
   cols: 4
   dt: d
   data: [ -1.3663353695362116e+03, 0., 9.4342454528808594e+02,
       -1.1941916804841310e+03, 0., -1.3663353695362116e+03,
       5.9553479766845703e+02, 0., 0., 0., 1., 0. ]
Q: !!opencv-matrix
   rows: 4
   cols: 4
   dt: d
   data: [ 1., 0., 0., -9.4941853332519531e+02, 0., 1., 0.,
       -5.9553479766845703e+02, 0., 0., 0., -1.3663353695362116e+03, 0.,
       0., -1.1441507878115231e+00, 6.8580261347915368e+00 ]
mirrorY: 1
ROI1x: 0
ROI1y: 0
ROI1w: 1920
ROI1h: 1200
ROI2x: 0
ROI2y: 0
ROI2w: 1920
ROI2h: 1200
Offsetx: 0.
Offsety: 0.
Offsetz: 0.
Covar: !!opencv-matrix
   rows: 24
   cols: 24
   dt: d
   data: [ 1.5060568427429756e-03, 4.3765537519096513e-05,
       -8.4428425201759841e-05, 4.6064414658927571e-08,
       3.0415034289077956e-07, -5.8633874088868625e-07,
       -1.2680646718405837e-08, -3.2033479285345587e-07,
       4.2060851013097914e-07, 2.4782742300745686e-04,
       -4.9453292371568696e-05, 5.3736780227815043e-05,
       1.0738836840478297e-09, 1.0408047909771131e-08,
       8.5956014252306515e-08, 1.6022577648067566e-08,
       -3.9737170022895977e-08, -7.3675250142563305e-08,
       -7.9809604297393245e-08, -9.3377053878684291e-07,
       -2.1382155492646081e-08, 2.7241822217550502e-08,
       1.3680057981916971e-07, 6.9034937886293130e-10,
       4.3765537519096513e-05, 1.0769324989443822e-03,
       -4.6765133884474772e-05, 2.1250770491569493e-09,
       -1.3577165850805953e-07, 4.3761477670985567e-07,
       -1.9475748457633081e-07, -1.3393293521053385e-08,
       -4.5489891752919815e-07, 1.8240347040628556e-05,
       2.2140620626295295e-04, 5.5638426128429240e-06,
       -2.9113613620035349e-09, -8.6597779672186750e-09,
       -2.2016852792656873e-08, -3.6897973532795654e-08,
       -3.1737828534395814e-10, 4.6057635807971130e-08,
       -1.2610904894010485e-08, 3.3425373754870111e-08,
       -7.2140307055569092e-08, 7.8802330361511760e-07,
       5.6763248693855089e-08, 5.8163544300402752e-09,
       -8.4428425201759841e-05, -4.6765133884474772e-05,
       2.3343202210123927e-04, -1.3992482221998091e-08,
       -4.8647176025433156e-07, 1.7428321915421950e-06,
       6.8614961639534132e-09, 1.0078835938856494e-08,
       -1.8703951344950336e-06, -2.2349500527407924e-05,
       -6.6656398635278663e-06, 3.2404814826833041e-06,
       -2.5209481334033008e-10, -5.0228630075053727e-09,
       1.1423540993777383e-08, -1.3471905916802752e-11,
       2.4023057572285432e-09, -1.6759046134398234e-08,
       4.8209264152124895e-09, -2.3636773709349011e-07,
       -1.0455898025914131e-08, -4.0027351800319624e-08,
       -2.9239178891597064e-07, -1.4431613197900345e-08,
       4.6064414658927571e-08, 2.1250770491569493e-09,
       -1.3992482221998091e-08, 2.0710855250600620e-11,
       3.1095689276300297e-11, -7.6213804307083474e-11,
       -2.4307027738112426e-12, -1.5755847663815103e-11,
       4.7820183636183780e-11, 6.7885783048911124e-09,
       -3.0695352570023211e-09, 5.0345750213081017e-09,
       1.1222993593921550e-12, 3.6715203049738067e-13,
       9.6934465621969624e-12, 6.7128273316878882e-13,
       -9.4643463908283806e-13, -7.2401160350832959e-12,
       8.4188558748863156e-12, -4.7375079986638609e-11,
       -2.6793964004660016e-12, 7.5958995146631644e-13,
       -1.0776719318791918e-11, -1.1845497782278170e-12,
       3.0415034289077956e-07, -1.3577165850805953e-07,
       -4.8647176025433156e-07, 3.1095689276300297e-11,
       6.4359850633980254e-09, -2.4631494186829987e-08,
       -4.0765486023673506e-12, -1.1890007453390508e-11,
       2.8187732924622387e-08, 1.0906453716030709e-07,
       -2.6189165553778230e-08, 3.2846291070002937e-08,
       -6.2281131451002132e-13, 9.8593939946476237e-11,
       -1.0140341564743210e-10, 6.7449157600898319e-12,
       -9.9985957602180003e-12, 1.4891248127903967e-10,
       2.3570158334320250e-11, -2.9037678762660174e-10,
       -2.0613231718061752e-11, -1.0718255699288934e-10,
       -6.1000126575684468e-11, -1.8910093471588464e-11,
       -5.8633874088868625e-07, 4.3761477670985567e-07,
       1.7428321915421950e-06, -7.6213804307083474e-11,
       -2.4631494186829987e-08, 1.0801013247642406e-07,
       -1.1219054543231360e-11, 1.2949322687330299e-10,
       -1.3179343953847645e-07, -3.0498997149960463e-07,
       7.0730887191809791e-08, 5.3337382510811933e-08,
       8.0070271399633730e-12, -1.2524936714071667e-10,
       3.6175695655439653e-10, -2.0854919906921002e-11,
       3.3035478996054643e-11, -4.8905419996584538e-10,
       -3.2460914255050112e-11, 5.8599898029113185e-10,
       5.9656616844906307e-11, 3.4682028097558995e-10,
       1.3814895076813177e-10, 5.9246796434248846e-11,
       -1.2680646718405837e-08, -1.9475748457633081e-07,
       6.8614961639534132e-09, -2.4307027738112426e-12,
       -4.0765486023673506e-12, -1.1219054543231360e-11,
       4.9919906369218688e-11, 2.2399605292212933e-12,
       1.5878529293131563e-11, 3.1466516048284354e-09,
       -4.1052438067928962e-08, -5.8347429645342360e-10,
       2.6198659994846856e-13, -2.6288649662046691e-12,
       9.0692193473842829e-12, 8.5272452717552990e-12,
       -7.0464376709716133e-13, -1.4336236123325505e-11,
       1.2279029379020442e-12, 2.5881659107872465e-12,
       1.6482796563061936e-11, -1.4432266482609562e-10,
       -5.3813182571565067e-12, -1.6117347293282084e-12,
       -3.2033479285345587e-07, -1.3393293521053385e-08,
       1.0078835938856494e-08, -1.5755847663815103e-11,
       -1.1890007453390508e-11, 1.2949322687330299e-10,
       2.2399605292212933e-12, 8.9724990318789630e-11,
       -1.1570665315496581e-10, -5.0195368253951038e-08,
       1.0927252806570405e-08, -7.4986390706720473e-09,
       -3.1700094941537834e-13, 7.1781242055084333e-12,
       -2.5521713984238991e-11, -3.7188011380456227e-12,
       9.2998115300012630e-12, 2.6373472446093796e-11,
       4.0136201233515697e-12, 2.3386991243825879e-10,
       4.4925906091364755e-12, -8.6036468502552577e-12,
       -2.4930821183082734e-12, 3.4282261733020425e-13,
       4.2060851013097914e-07, -4.5489891752919815e-07,
       -1.8703951344950336e-06, 4.7820183636183780e-11,
       2.8187732924622387e-08, -1.3179343953847645e-07,
       1.5878529293131563e-11, -1.1570665315496581e-10,
       1.6953242071868512e-07, 2.7291003349581845e-07,
       -5.8935177332091567e-08, -3.9897188300597657e-08,
       -1.2132742087769189e-11, 2.2903947467931209e-10,
       -4.2567849928357816e-10, 1.4584465266208036e-11,
       -3.5303000197380174e-11, 6.2384431122039587e-10,
       1.4587673862962248e-11, -4.6027020530504067e-10,
       -6.3044043177630287e-11, -3.6127296523306942e-10,
       -1.4020149825619471e-10, -6.2354673375040212e-11,
       2.4782742300745686e-04, 1.8240347040628556e-05,
       -2.2349500527407924e-05, 6.7885783048911124e-09,
       1.0906453716030709e-07, -3.0498997149960463e-07,
       3.1466516048284354e-09, -5.0195368253951038e-08,
       2.7291003349581845e-07, 3.8553447071124976e-03,
       -7.5345637566028182e-06, -1.4351415029420169e-04,
       -2.2314515336051318e-08, 7.7217129402352959e-08,
       -2.0529177372326768e-07, 9.1196457664153119e-09,
       -7.2175164581175323e-07, 2.0145114835423564e-07,
       -1.1272186450145593e-08, -1.4287110805628960e-07,
       -3.2365107394889554e-09, 1.1462561262092181e-08,
       3.3298308835051564e-08, 1.1869333825269577e-10,
       -4.9453292371568696e-05, 2.2140620626295295e-04,
       -6.6656398635278663e-06, -3.0695352570023211e-09,
       -2.6189165553778230e-08, 7.0730887191809791e-08,
       -4.1052438067928962e-08, 1.0927252806570405e-08,
       -5.8935177332091567e-08, -7.5345637566028182e-06,
       3.3765477977239829e-03, 1.1057949624422656e-04,
       -4.4281342343223547e-09, -5.6653244691459362e-08,
       3.9479315617921207e-07, -6.0393580230131652e-07,
       -9.0015802492549530e-09, -5.1084536585912558e-07,
       4.6965699290036824e-10, 4.6036515043312598e-08,
       -1.4670543600361009e-08, 1.6241978020688485e-07,
       9.1605860145458012e-09, 1.8444644237937887e-09,
       5.3736780227815043e-05, 5.5638426128429240e-06,
       3.2404814826833041e-06, 5.0345750213081017e-09,
       3.2846291070002937e-08, 5.3337382510811933e-08,
       -5.8347429645342360e-10, -7.4986390706720473e-09,
       -3.9897188300597657e-08, -1.4351415029420169e-04,
       1.1057949624422656e-04, 2.7565351217339910e-03,
       -9.9974631023947982e-08, 1.5035888153001951e-07,
       1.9343286744650316e-06, -2.0686250069282847e-09,
       4.7112478173982176e-09, -2.4816324509469221e-06,
       -2.7708541810198812e-09, -5.4682082730601081e-08,
       -2.3586740656145388e-09, 3.0823308304697917e-09,
       -1.6334635878798899e-08, -1.3868537875467154e-09,
       1.0738836840478297e-09, -2.9113613620035349e-09,
       -2.5209481334033008e-10, 1.1222993593921550e-12,
       -6.2281131451002132e-13, 8.0070271399633730e-12,
       2.6198659994846856e-13, -3.1700094941537834e-13,
       -1.2132742087769189e-11, -2.2314515336051318e-08,
       -4.4281342343223547e-09, -9.9974631023947982e-08,
       5.5076811266318249e-11, 5.0778342211307472e-11,
       -2.0558530909513387e-10, -8.3193872762220731e-12,
       6.3295698563630739e-13, 2.0982372321065808e-10,
       8.1334289627130224e-13, -2.0425427960097788e-12,
       2.6612293080861108e-14, -2.1559678924240234e-12,
       -9.6968660985505560e-13, -9.3327926451031260e-14,
       1.0408047909771131e-08, -8.6597779672186750e-09,
       -5.0228630075053727e-09, 3.6715203049738067e-13,
       9.8593939946476237e-11, -1.2524936714071667e-10,
       -2.6288649662046691e-12, 7.1781242055084333e-12,
       2.2903947467931209e-10, 7.7217129402352959e-08,
       -5.6653244691459362e-08, 1.5035888153001951e-07,
       5.0778342211307472e-11, 1.4793344134160372e-08,
       -5.7674658944626564e-08, -9.0591640980076325e-11,
       2.5690682222976790e-11, 6.7767017879123223e-08,
       -7.2151090554864792e-13, -1.5909086504978179e-11,
       -9.5072146431787566e-13, -6.1807308633241495e-12,
       -8.9402298322119515e-12, -7.1481000975008497e-13,
       8.5956014252306515e-08, -2.2016852792656873e-08,
       1.1423540993777383e-08, 9.6934465621969624e-12,
       -1.0140341564743210e-10, 3.6175695655439653e-10,
       9.0692193473842829e-12, -2.5521713984238991e-11,
       -4.2567849928357816e-10, -2.0529177372326768e-07,
       3.9479315617921207e-07, 1.9343286744650316e-06,
       -2.0558530909513387e-10, -5.7674658944626564e-08,
       2.6465506118465897e-07, 1.4669101608790705e-10,
       -1.3315673666774751e-10, -3.3328090731740245e-07,
       -4.0474137501358415e-13, -7.8961139620523931e-11,
       4.9019236577862861e-13, -1.7628375704979954e-11,
       -1.5076942127377875e-11, -1.3546014606948261e-12,
       1.6022577648067566e-08, -3.6897973532795654e-08,
       -1.3471905916802752e-11, 6.7128273316878882e-13,
       6.7449157600898319e-12, -2.0854919906921002e-11,
       8.5272452717552990e-12, -3.7188011380456227e-12,
       1.4584465266208036e-11, 9.1196457664153119e-09,
       -6.0393580230131652e-07, -2.0686250069282847e-09,
       -8.3193872762220731e-12, -9.0591640980076325e-11,
       1.4669101608790705e-10, 1.6499375338602289e-10,
       5.8550280832415739e-13, -1.3616746860298351e-10,
       -7.0610268435820852e-14, -1.1927744131127206e-11,
       2.6812717262850810e-12, -2.7316548286654976e-11,
       -8.4148451543030170e-14, -3.3733832989710001e-13,
       -3.9737170022895977e-08, -3.1737828534395814e-10,
       2.4023057572285432e-09, -9.4643463908283806e-13,
       -9.9985957602180003e-12, 3.3035478996054643e-11,
       -7.0464376709716133e-13, 9.2998115300012630e-12,
       -3.5303000197380174e-11, -7.2175164581175323e-07,
       -9.0015802492549530e-09, 4.7112478173982176e-09,
       6.3295698563630739e-13, 2.5690682222976790e-11,
       -1.3315673666774751e-10, 5.8550280832415739e-13,
       1.9309352813130269e-10, 7.5600760004001514e-11,
       1.3576934807213969e-12, 2.5126550679193516e-11,
       2.7984767834530973e-13, -1.0898347118485291e-14,
       -3.5681592442405324e-12, -1.4771900658483669e-14,
       -7.3675250142563305e-08, 4.6057635807971130e-08,
       -1.6759046134398234e-08, -7.2401160350832959e-12,
       1.4891248127903967e-10, -4.8905419996584538e-10,
       -1.4336236123325505e-11, 2.6373472446093796e-11,
       6.2384431122039587e-10, 2.0145114835423564e-07,
       -5.1084536585912558e-07, -2.4816324509469221e-06,
       2.0982372321065808e-10, 6.7767017879123223e-08,
       -3.3328090731740245e-07, -1.3616746860298351e-10,
       7.5600760004001514e-11, 4.4502990032007794e-07,
       1.5046885323247274e-12, 6.9474704944425575e-11,
       -2.9773563435419898e-12, 3.5035655117244879e-11,
       1.4443357231626669e-11, 1.1568458161790777e-12,
       -7.9809604297393245e-08, -1.2610904894010485e-08,
       4.8209264152124895e-09, 8.4188558748863156e-12,
       2.3570158334320250e-11, -3.2460914255050112e-11,
       1.2279029379020442e-12, 4.0136201233515697e-12,
       1.4587673862962248e-11, -1.1272186450145593e-08,
       4.6965699290036824e-10, -2.7708541810198812e-09,
       8.1334289627130224e-13, -7.2151090554864792e-13,
       -4.0474137501358415e-13, -7.0610268435820852e-14,
       1.3576934807213969e-12, 1.5046885323247274e-12,
       3.4661141029209660e-09, -8.6648575627874724e-12,
       -4.5214250174029704e-13, -9.8395170407950832e-12,
       -2.9332140588488488e-11, -2.0966597080475888e-12,
       -9.3377053878684291e-07, 3.3425373754870111e-08,
       -2.3636773709349011e-07, -4.7375079986638609e-11,
       -2.9037678762660174e-10, 5.8599898029113185e-10,
       2.5881659107872465e-12, 2.3386991243825879e-10,
       -4.6027020530504067e-10, -1.4287110805628960e-07,
       4.6036515043312598e-08, -5.4682082730601081e-08,
       -2.0425427960097788e-12, -1.5909086504978179e-11,
       -7.8961139620523931e-11, -1.1927744131127206e-11,
       2.5126550679193516e-11, 6.9474704944425575e-11,
       -8.6648575627874724e-12, 1.1877009765711694e-09,
       3.6770413245774907e-11, 3.8495897937036343e-11,
       4.8937271885857074e-10, 2.7371557776182529e-11,
       -2.1382155492646081e-08, -7.2140307055569092e-08,
       -1.0455898025914131e-08, -2.6793964004660016e-12,
       -2.0613231718061752e-11, 5.9656616844906307e-11,
       1.6482796563061936e-11, 4.4925906091364755e-12,
       -6.3044043177630287e-11, -3.2365107394889554e-09,
       -1.4670543600361009e-08, -2.3586740656145388e-09,
       2.6612293080861108e-14, -9.5072146431787566e-13,
       4.9019236577862861e-13, 2.6812717262850810e-12,
       2.7984767834530973e-13, -2.9773563435419898e-12,
       -4.5214250174029704e-13, 3.6770413245774907e-11,
       3.4756110093876904e-11, -4.1753483892813677e-11,
       2.1141345019008867e-11, 2.4779407424716371e-11,
       2.7241822217550502e-08, 7.8802330361511760e-07,
       -4.0027351800319624e-08, 7.5958995146631644e-13,
       -1.0718255699288934e-10, 3.4682028097558995e-10,
       -1.4432266482609562e-10, -8.6036468502552577e-12,
       -3.6127296523306942e-10, 1.1462561262092181e-08,
       1.6241978020688485e-07, 3.0823308304697917e-09,
       -2.1559678924240234e-12, -6.1807308633241495e-12,
       -1.7628375704979954e-11, -2.7316548286654976e-11,
       -1.0898347118485291e-14, 3.5035655117244879e-11,
       -9.8395170407950832e-12, 3.8495897937036343e-11,
       -4.1753483892813677e-11, 5.8195737465136355e-10,
       5.1722916816186581e-11, 1.5454882690326055e-11,
       1.3680057981916971e-07, 5.6763248693855089e-08,
       -2.9239178891597064e-07, -1.0776719318791918e-11,
       -6.1000126575684468e-11, 1.3814895076813177e-10,
       -5.3813182571565067e-12, -2.4930821183082734e-12,
       -1.4020149825619471e-10, 3.3298308835051564e-08,
       9.1605860145458012e-09, -1.6334635878798899e-08,
       -9.6968660985505560e-13, -8.9402298322119515e-12,
       -1.5076942127377875e-11, -8.4148451543030170e-14,
       -3.5681592442405324e-12, 1.4443357231626669e-11,
       -2.9332140588488488e-11, 4.8937271885857074e-10,
       2.1141345019008867e-11, 5.1722916816186581e-11,
       5.7126570708596021e-10, 2.6577211182281487e-11,
       6.9034937886293130e-10, 5.8163544300402752e-09,
       -1.4431613197900345e-08, -1.1845497782278170e-12,
       -1.8910093471588464e-11, 5.9246796434248846e-11,
       -1.6117347293282084e-12, 3.4282261733020425e-13,
       -6.2354673375040212e-11, 1.1869333825269577e-10,
       1.8444644237937887e-09, -1.3868537875467154e-09,
       -9.3327926451031260e-14, -7.1481000975008497e-13,
       -1.3546014606948261e-12, -3.3733832989710001e-13,
       -1.4771900658483669e-14, 1.1568458161790777e-12,
       -2.0966597080475888e-12, 2.7371557776182529e-11,
       2.4779407424716371e-11, 1.5454882690326055e-11,
       2.6577211182281487e-11, 2.8109683575289173e-11 ]
