%YAML:1.0
---
M1: !!opencv-matrix
   rows: 3
   cols: 3
   dt: d
   data: [ -1.3666480145524642e+03, 0., 9.5245406079078259e+02, 0.,
       -1.3666951926674817e+03, 5.9554401260514089e+02, 0., 0., 1. ]
D1: !!opencv-matrix
   rows: 5
   cols: 1
   dt: d
   data: [ -1.8637214889922274e-02, -1.4264242467159047e-02,
       -5.9742246733492590e-05, -1.4408217432294756e-04,
       -1.6087881666012892e-02 ]
Cov1: !!opencv-matrix
   rows: 9
   cols: 9
   dt: d
   data: [ 1.5060568427429756e-03, 4.3765537519096513e-05,
       -8.4428425201759841e-05, 4.6064414658927571e-08,
       3.0415034289077956e-07, -5.8633874088868625e-07,
       -1.2680646718405837e-08, -3.2033479285345587e-07,
       4.2060851013097914e-07, 4.3765537519096513e-05,
       1.0769324989443822e-03, -4.6765133884474772e-05,
       2.1250770491569493e-09, -1.3577165850805953e-07,
       4.3761477670985567e-07, -1.9475748457633081e-07,
       -1.3393293521053385e-08, -4.5489891752919815e-07,
       -8.4428425201759841e-05, -4.6765133884474772e-05,
       2.3343202210123927e-04, -1.3992482221998091e-08,
       -4.8647176025433156e-07, 1.7428321915421950e-06,
       6.8614961639534132e-09, 1.0078835938856494e-08,
       -1.8703951344950336e-06, 4.6064414658927571e-08,
       2.1250770491569493e-09, -1.3992482221998091e-08,
       2.0710855250600620e-11, 3.1095689276300297e-11,
       -7.6213804307083474e-11, -2.4307027738112426e-12,
       -1.5755847663815103e-11, 4.7820183636183780e-11,
       3.0415034289077956e-07, -1.3577165850805953e-07,
       -4.8647176025433156e-07, 3.1095689276300297e-11,
       6.4359850633980254e-09, -2.4631494186829987e-08,
       -4.0765486023673506e-12, -1.1890007453390508e-11,
       2.8187732924622387e-08, -5.8633874088868625e-07,
       4.3761477670985567e-07, 1.7428321915421950e-06,
       -7.6213804307083474e-11, -2.4631494186829987e-08,
       1.0801013247642406e-07, -1.1219054543231360e-11,
       1.2949322687330299e-10, -1.3179343953847645e-07,
       -1.2680646718405837e-08, -1.9475748457633081e-07,
       6.8614961639534132e-09, -2.4307027738112426e-12,
       -4.0765486023673506e-12, -1.1219054543231360e-11,
       4.9919906369218688e-11, 2.2399605292212933e-12,
       1.5878529293131563e-11, -3.2033479285345587e-07,
       -1.3393293521053385e-08, 1.0078835938856494e-08,
       -1.5755847663815103e-11, -1.1890007453390508e-11,
       1.2949322687330299e-10, 2.2399605292212933e-12,
       8.9724990318789630e-11, -1.1570665315496581e-10,
       4.2060851013097914e-07, -4.5489891752919815e-07,
       -1.8703951344950336e-06, 4.7820183636183780e-11,
       2.8187732924622387e-08, -1.3179343953847645e-07,
       1.5878529293131563e-11, -1.1570665315496581e-10,
       1.6953242071868512e-07 ]
s1: 6144
w1: 1920
h1: 1200
M2: !!opencv-matrix
   rows: 3
   cols: 3
   dt: d
   data: [ -1.3666780120117235e+03, 0., 9.5231585161329167e+02, 0.,
       1.3666559463125266e+03, 5.9523972910691634e+02, 0., 0., 1. ]
D2: !!opencv-matrix
   rows: 5
   cols: 1
   dt: d
   data: [ -1.7464483294964098e-02, -1.6396647880186806e-02,
       -3.7916395337822523e-04, 3.7621485037772807e-04,
       -1.4324573971737545e-02 ]
Cov2: !!opencv-matrix
   rows: 9
   cols: 9
   dt: d
   data: [ 3.8553447071124976e-03, -7.5345637566028182e-06,
       -1.4351415029420169e-04, -2.2314515336051318e-08,
       7.7217129402352959e-08, -2.0529177372326768e-07,
       9.1196457664153119e-09, -7.2175164581175323e-07,
       2.0145114835423564e-07, -7.5345637566028182e-06,
       3.3765477977239829e-03, 1.1057949624422656e-04,
       -4.4281342343223547e-09, -5.6653244691459362e-08,
       3.9479315617921207e-07, -6.0393580230131652e-07,
       -9.0015802492549530e-09, -5.1084536585912558e-07,
       -1.4351415029420169e-04, 1.1057949624422656e-04,
       2.7565351217339910e-03, -9.9974631023947982e-08,
       1.5035888153001951e-07, 1.9343286744650316e-06,
       -2.0686250069282847e-09, 4.7112478173982176e-09,
       -2.4816324509469221e-06, -2.2314515336051318e-08,
       -4.4281342343223547e-09, -9.9974631023947982e-08,
       5.5076811266318249e-11, 5.0778342211307472e-11,
       -2.0558530909513387e-10, -8.3193872762220731e-12,
       6.3295698563630739e-13, 2.0982372321065808e-10,
       7.7217129402352959e-08, -5.6653244691459362e-08,
       1.5035888153001951e-07, 5.0778342211307472e-11,
       1.4793344134160372e-08, -5.7674658944626564e-08,
       -9.0591640980076325e-11, 2.5690682222976790e-11,
       6.7767017879123223e-08, -2.0529177372326768e-07,
       3.9479315617921207e-07, 1.9343286744650316e-06,
       -2.0558530909513387e-10, -5.7674658944626564e-08,
       2.6465506118465897e-07, 1.4669101608790705e-10,
       -1.3315673666774751e-10, -3.3328090731740245e-07,
       9.1196457664153119e-09, -6.0393580230131652e-07,
       -2.0686250069282847e-09, -8.3193872762220731e-12,
       -9.0591640980076325e-11, 1.4669101608790705e-10,
       1.6499375338602289e-10, 5.8550280832415739e-13,
       -1.3616746860298351e-10, -7.2175164581175323e-07,
       -9.0015802492549530e-09, 4.7112478173982176e-09,
       6.3295698563630739e-13, 2.5690682222976790e-11,
       -1.3315673666774751e-10, 5.8550280832415739e-13,
       1.9309352813130269e-10, 7.5600760004001514e-11,
       2.0145114835423564e-07, -5.1084536585912558e-07,
       -2.4816324509469221e-06, 2.0982372321065808e-10,
       6.7767017879123223e-08, -3.3328090731740245e-07,
       -1.3616746860298351e-10, 7.5600760004001514e-11,
       4.4502990032007794e-07 ]
s2: 6144
w2: 1920
h2: 1200
