%YAML:1.0
---
X0obj: 9.6794299986759680e-01
Y0obj: 7.2397850191740232e-01
Z0obj: -9.3995349409584789e-02
rotType: AlZeKa
angle1: 3.1433163741851553e+00
angle2: 1.5698649441848733e+00
angle3: 1.5768085810372763e+00
